2020/11/17-16:50:07.917629 10d46e000 RocksDB version: 5.18.3
2020/11/17-16:50:07.917951 10d46e000 Git sha rocksdb_build_git_sha:641fae60f63619ed5d0c9d9e4c4ea5a0ffa3e253
2020/11/17-16:50:07.917958 10d46e000 Compile date Apr 20 2019
2020/11/17-16:50:07.917960 10d46e000 DB SUMMARY
2020/11/17-16:50:07.918273 10d46e000 CURRENT file:  CURRENT
2020/11/17-16:50:07.918277 10d46e000 IDENTITY file:  IDENTITY
2020/11/17-16:50:07.918285 10d46e000 MANIFEST file:  MANIFEST-000004 size: 107 Bytes
2020/11/17-16:50:07.918288 10d46e000 SST files in /Users/xmly/practice/code/vince-practice/spring-cloud-practice/nacos/nacos/data/protocol/raft/naming_persistent_service/log dir, Total Num: 0, files: 
2020/11/17-16:50:07.918289 10d46e000 Write Ahead Log file in /Users/xmly/practice/code/vince-practice/spring-cloud-practice/nacos/nacos/data/protocol/raft/naming_persistent_service/log: 000003.log size: 112 ; 
2020/11/17-16:50:07.918291 10d46e000                         Options.error_if_exists: 0
2020/11/17-16:50:07.918295 10d46e000                       Options.create_if_missing: 1
2020/11/17-16:50:07.918296 10d46e000                         Options.paranoid_checks: 1
2020/11/17-16:50:07.918297 10d46e000                                     Options.env: 0x12eaa3e08
2020/11/17-16:50:07.918298 10d46e000                                Options.info_log: 0x7fb136fd1820
2020/11/17-16:50:07.918299 10d46e000                Options.max_file_opening_threads: 16
2020/11/17-16:50:07.918300 10d46e000                              Options.statistics: 0x7fb136fd1710
2020/11/17-16:50:07.918301 10d46e000                               Options.use_fsync: 0
2020/11/17-16:50:07.918302 10d46e000                       Options.max_log_file_size: 0
2020/11/17-16:50:07.918303 10d46e000                  Options.max_manifest_file_size: 1073741824
2020/11/17-16:50:07.918304 10d46e000                   Options.log_file_time_to_roll: 0
2020/11/17-16:50:07.918305 10d46e000                       Options.keep_log_file_num: 1000
2020/11/17-16:50:07.918306 10d46e000                    Options.recycle_log_file_num: 0
2020/11/17-16:50:07.918307 10d46e000                         Options.allow_fallocate: 1
2020/11/17-16:50:07.918308 10d46e000                        Options.allow_mmap_reads: 0
2020/11/17-16:50:07.918309 10d46e000                       Options.allow_mmap_writes: 0
2020/11/17-16:50:07.918310 10d46e000                        Options.use_direct_reads: 0
2020/11/17-16:50:07.918310 10d46e000                        Options.use_direct_io_for_flush_and_compaction: 0
2020/11/17-16:50:07.918311 10d46e000          Options.create_missing_column_families: 1
2020/11/17-16:50:07.918312 10d46e000                              Options.db_log_dir: 
2020/11/17-16:50:07.918313 10d46e000                                 Options.wal_dir: /Users/xmly/practice/code/vince-practice/spring-cloud-practice/nacos/nacos/data/protocol/raft/naming_persistent_service/log
2020/11/17-16:50:07.918314 10d46e000                Options.table_cache_numshardbits: 6
2020/11/17-16:50:07.918315 10d46e000                      Options.max_subcompactions: 1
2020/11/17-16:50:07.918316 10d46e000                  Options.max_background_flushes: 1
2020/11/17-16:50:07.918317 10d46e000                         Options.WAL_ttl_seconds: 0
2020/11/17-16:50:07.918318 10d46e000                       Options.WAL_size_limit_MB: 0
2020/11/17-16:50:07.918319 10d46e000             Options.manifest_preallocation_size: 4194304
2020/11/17-16:50:07.918320 10d46e000                     Options.is_fd_close_on_exec: 1
2020/11/17-16:50:07.918321 10d46e000                   Options.advise_random_on_open: 1
2020/11/17-16:50:07.918322 10d46e000                    Options.db_write_buffer_size: 0
2020/11/17-16:50:07.918323 10d46e000                    Options.write_buffer_manager: 0x7fb1381456c0
2020/11/17-16:50:07.918324 10d46e000         Options.access_hint_on_compaction_start: 1
2020/11/17-16:50:07.918324 10d46e000  Options.new_table_reader_for_compaction_inputs: 0
2020/11/17-16:50:07.918325 10d46e000           Options.random_access_max_buffer_size: 1048576
2020/11/17-16:50:07.918326 10d46e000                      Options.use_adaptive_mutex: 0
2020/11/17-16:50:07.918517 10d46e000                            Options.rate_limiter: 0x0
2020/11/17-16:50:07.918538 10d46e000     Options.sst_file_manager.rate_bytes_per_sec: 0
2020/11/17-16:50:07.918544 10d46e000                       Options.wal_recovery_mode: 2
2020/11/17-16:50:07.918546 10d46e000                  Options.enable_thread_tracking: 0
2020/11/17-16:50:07.918645 10d46e000                  Options.enable_pipelined_write: 0
2020/11/17-16:50:07.918648 10d46e000         Options.allow_concurrent_memtable_write: 1
2020/11/17-16:50:07.918649 10d46e000      Options.enable_write_thread_adaptive_yield: 1
2020/11/17-16:50:07.918650 10d46e000             Options.write_thread_max_yield_usec: 100
2020/11/17-16:50:07.918651 10d46e000            Options.write_thread_slow_yield_usec: 3
2020/11/17-16:50:07.918652 10d46e000                               Options.row_cache: None
2020/11/17-16:50:07.918653 10d46e000                              Options.wal_filter: None
2020/11/17-16:50:07.918654 10d46e000             Options.avoid_flush_during_recovery: 0
2020/11/17-16:50:07.918655 10d46e000             Options.allow_ingest_behind: 0
2020/11/17-16:50:07.918656 10d46e000             Options.preserve_deletes: 0
2020/11/17-16:50:07.918657 10d46e000             Options.two_write_queues: 0
2020/11/17-16:50:07.918658 10d46e000             Options.manual_wal_flush: 0
2020/11/17-16:50:07.918659 10d46e000             Options.max_background_jobs: 2
2020/11/17-16:50:07.918660 10d46e000             Options.max_background_compactions: 4
2020/11/17-16:50:07.918660 10d46e000             Options.avoid_flush_during_shutdown: 0
2020/11/17-16:50:07.918661 10d46e000           Options.writable_file_max_buffer_size: 1048576
2020/11/17-16:50:07.918662 10d46e000             Options.delayed_write_rate : 16777216
2020/11/17-16:50:07.918663 10d46e000             Options.max_total_wal_size: 0
2020/11/17-16:50:07.918664 10d46e000             Options.delete_obsolete_files_period_micros: 21600000000
2020/11/17-16:50:07.918665 10d46e000                   Options.stats_dump_period_sec: 600
2020/11/17-16:50:07.918666 10d46e000                          Options.max_open_files: -1
2020/11/17-16:50:07.918667 10d46e000                          Options.bytes_per_sync: 0
2020/11/17-16:50:07.918668 10d46e000                      Options.wal_bytes_per_sync: 0
2020/11/17-16:50:07.918669 10d46e000       Options.compaction_readahead_size: 0
2020/11/17-16:50:07.918670 10d46e000 Compression algorithms supported:
2020/11/17-16:50:07.918681 10d46e000 	kZSTD supported: 1
2020/11/17-16:50:07.918682 10d46e000 	kZlibCompression supported: 1
2020/11/17-16:50:07.918684 10d46e000 	kXpressCompression supported: 0
2020/11/17-16:50:07.918685 10d46e000 	kSnappyCompression supported: 1
2020/11/17-16:50:07.918686 10d46e000 	kZSTDNotFinalCompression supported: 1
2020/11/17-16:50:07.918687 10d46e000 	kLZ4HCCompression supported: 1
2020/11/17-16:50:07.918688 10d46e000 	kLZ4Compression supported: 1
2020/11/17-16:50:07.918688 10d46e000 	kBZip2Compression supported: 1
2020/11/17-16:50:07.918694 10d46e000 Fast CRC32 supported: Not supported on x86
2020/11/17-16:50:07.919381 10d46e000 [/version_set.cc:3508] Recovering from manifest file: MANIFEST-000004
2020/11/17-16:50:07.919709 10d46e000 [/column_family.cc:474] --------------- Options for column family [default]:
2020/11/17-16:50:07.919742 10d46e000               Options.comparator: leveldb.BytewiseComparator
2020/11/17-16:50:07.919750 10d46e000           Options.merge_operator: StringAppendOperator
2020/11/17-16:50:07.919845 10d46e000        Options.compaction_filter: None
2020/11/17-16:50:07.919848 10d46e000        Options.compaction_filter_factory: None
2020/11/17-16:50:07.919849 10d46e000         Options.memtable_factory: SkipListFactory
2020/11/17-16:50:07.919858 10d46e000            Options.table_factory: BlockBasedTable
2020/11/17-16:50:07.919955 10d46e000            table_factory options:   flush_block_policy_factory: FlushBlockBySizePolicyFactory (0x7fb138145540)
  cache_index_and_filter_blocks: 0
  cache_index_and_filter_blocks_with_high_priority: 1
  pin_l0_filter_and_index_blocks_in_cache: 1
  pin_top_level_index_and_filter: 1
  index_type: 2
  hash_index_allow_collision: 1
  checksum: 1
  no_block_cache: 0
  block_cache: 0x7fb13813d2b8
  block_cache_name: LRUCache
  block_cache_options:
    capacity : 536870912
    num_shard_bits : 8
    strict_capacity_limit : 0
    memory_allocator : None
    high_pri_pool_ratio: 0.000
  block_cache_compressed: 0x0
  persistent_cache: 0x0
  block_size: 4096
  block_size_deviation: 10
  block_restart_interval: 16
  index_block_restart_interval: 1
  metadata_block_size: 8192
  partition_filters: 1
  use_delta_encoding: 1
  filter_policy: nullptr
  whole_key_filtering: 1
  verify_compression: 0
  read_amp_bytes_per_bit: 0
  format_version: 0
  enable_index_compression: 1
  block_align: 0
2020/11/17-16:50:07.920020 10d46e000        Options.write_buffer_size: 134217728
2020/11/17-16:50:07.920022 10d46e000  Options.max_write_buffer_number: 6
2020/11/17-16:50:07.920034 10d46e000        Options.compression[0]: NoCompression
2020/11/17-16:50:07.920038 10d46e000        Options.compression[1]: NoCompression
2020/11/17-16:50:07.920040 10d46e000        Options.compression[2]: Snappy
2020/11/17-16:50:07.920041 10d46e000        Options.compression[3]: Snappy
2020/11/17-16:50:07.920043 10d46e000        Options.compression[4]: Snappy
2020/11/17-16:50:07.920044 10d46e000        Options.compression[5]: Snappy
2020/11/17-16:50:07.920045 10d46e000        Options.compression[6]: Snappy
2020/11/17-16:50:07.920046 10d46e000                  Options.bottommost_compression: Disabled
2020/11/17-16:50:07.920048 10d46e000       Options.prefix_extractor: rocksdb.FixedPrefix.8
2020/11/17-16:50:07.920049 10d46e000   Options.memtable_insert_with_hint_prefix_extractor: nullptr
2020/11/17-16:50:07.920050 10d46e000             Options.num_levels: 7
2020/11/17-16:50:07.920051 10d46e000        Options.min_write_buffer_number_to_merge: 2
2020/11/17-16:50:07.920052 10d46e000     Options.max_write_buffer_number_to_maintain: 0
2020/11/17-16:50:07.920053 10d46e000            Options.bottommost_compression_opts.window_bits: -14
2020/11/17-16:50:07.920055 10d46e000                  Options.bottommost_compression_opts.level: 32767
2020/11/17-16:50:07.920056 10d46e000               Options.bottommost_compression_opts.strategy: 0
2020/11/17-16:50:07.920057 10d46e000         Options.bottommost_compression_opts.max_dict_bytes: 0
2020/11/17-16:50:07.920058 10d46e000         Options.bottommost_compression_opts.zstd_max_train_bytes: 0
2020/11/17-16:50:07.920059 10d46e000                  Options.bottommost_compression_opts.enabled: false
2020/11/17-16:50:07.920061 10d46e000            Options.compression_opts.window_bits: -14
2020/11/17-16:50:07.920062 10d46e000                  Options.compression_opts.level: 32767
2020/11/17-16:50:07.920063 10d46e000               Options.compression_opts.strategy: 0
2020/11/17-16:50:07.920064 10d46e000         Options.compression_opts.max_dict_bytes: 0
2020/11/17-16:50:07.920065 10d46e000         Options.compression_opts.zstd_max_train_bytes: 0
2020/11/17-16:50:07.920066 10d46e000                  Options.compression_opts.enabled: false
2020/11/17-16:50:07.920067 10d46e000      Options.level0_file_num_compaction_trigger: 2
2020/11/17-16:50:07.920068 10d46e000          Options.level0_slowdown_writes_trigger: 20
2020/11/17-16:50:07.920070 10d46e000              Options.level0_stop_writes_trigger: 40
2020/11/17-16:50:07.920071 10d46e000                   Options.target_file_size_base: 67108864
2020/11/17-16:50:07.920072 10d46e000             Options.target_file_size_multiplier: 1
2020/11/17-16:50:07.920073 10d46e000                Options.max_bytes_for_level_base: 536870912
2020/11/17-16:50:07.920074 10d46e000 Options.level_compaction_dynamic_level_bytes: 0
2020/11/17-16:50:07.920075 10d46e000          Options.max_bytes_for_level_multiplier: 10.000000
2020/11/17-16:50:07.920078 10d46e000 Options.max_bytes_for_level_multiplier_addtl[0]: 1
2020/11/17-16:50:07.920080 10d46e000 Options.max_bytes_for_level_multiplier_addtl[1]: 1
2020/11/17-16:50:07.920168 10d46e000 Options.max_bytes_for_level_multiplier_addtl[2]: 1
2020/11/17-16:50:07.920170 10d46e000 Options.max_bytes_for_level_multiplier_addtl[3]: 1
2020/11/17-16:50:07.920171 10d46e000 Options.max_bytes_for_level_multiplier_addtl[4]: 1
2020/11/17-16:50:07.920172 10d46e000 Options.max_bytes_for_level_multiplier_addtl[5]: 1
2020/11/17-16:50:07.920173 10d46e000 Options.max_bytes_for_level_multiplier_addtl[6]: 1
2020/11/17-16:50:07.920176 10d46e000       Options.max_sequential_skip_in_iterations: 8
2020/11/17-16:50:07.920178 10d46e000                    Options.max_compaction_bytes: 1677721600
2020/11/17-16:50:07.920179 10d46e000                        Options.arena_block_size: 16777216
2020/11/17-16:50:07.920187 10d46e000   Options.soft_pending_compaction_bytes_limit: 68719476736
2020/11/17-16:50:07.920190 10d46e000   Options.hard_pending_compaction_bytes_limit: 274877906944
2020/11/17-16:50:07.920191 10d46e000       Options.rate_limit_delay_max_milliseconds: 100
2020/11/17-16:50:07.920192 10d46e000                Options.disable_auto_compactions: 0
2020/11/17-16:50:07.920194 10d46e000                        Options.compaction_style: kCompactionStyleLevel
2020/11/17-16:50:07.920196 10d46e000                          Options.compaction_pri: kByCompensatedSize
2020/11/17-16:50:07.920197 10d46e000 Options.compaction_options_universal.size_ratio: 1
2020/11/17-16:50:07.920198 10d46e000 Options.compaction_options_universal.min_merge_width: 2
2020/11/17-16:50:07.920200 10d46e000 Options.compaction_options_universal.max_merge_width: 4294967295
2020/11/17-16:50:07.920201 10d46e000 Options.compaction_options_universal.max_size_amplification_percent: 200
2020/11/17-16:50:07.920203 10d46e000 Options.compaction_options_universal.compression_size_percent: -1
2020/11/17-16:50:07.920205 10d46e000 Options.compaction_options_universal.stop_style: kCompactionStopStyleTotalSize
2020/11/17-16:50:07.920206 10d46e000 Options.compaction_options_fifo.max_table_files_size: 1073741824
2020/11/17-16:50:07.920207 10d46e000 Options.compaction_options_fifo.allow_compaction: 0
2020/11/17-16:50:07.920208 10d46e000 Options.compaction_options_fifo.ttl: 0
2020/11/17-16:50:07.920209 10d46e000                   Options.table_properties_collectors: 
2020/11/17-16:50:07.920210 10d46e000                   Options.inplace_update_support: 0
2020/11/17-16:50:07.920211 10d46e000                 Options.inplace_update_num_locks: 10000
2020/11/17-16:50:07.920212 10d46e000               Options.memtable_prefix_bloom_size_ratio: 0.125000
2020/11/17-16:50:07.920214 10d46e000   Options.memtable_huge_page_size: 0
2020/11/17-16:50:07.920215 10d46e000                           Options.bloom_locality: 0
2020/11/17-16:50:07.920216 10d46e000                    Options.max_successive_merges: 0
2020/11/17-16:50:07.920217 10d46e000                Options.optimize_filters_for_hits: 0
2020/11/17-16:50:07.920218 10d46e000                Options.paranoid_file_checks: 0
2020/11/17-16:50:07.920219 10d46e000                Options.force_consistency_checks: 1
2020/11/17-16:50:07.920220 10d46e000                Options.report_bg_io_stats: 0
2020/11/17-16:50:07.920221 10d46e000                               Options.ttl: 0
2020/11/17-16:50:07.945220 10d46e000 [/column_family.cc:474] --------------- Options for column family [Configuration]:
2020/11/17-16:50:07.945230 10d46e000               Options.comparator: leveldb.BytewiseComparator
2020/11/17-16:50:07.945232 10d46e000           Options.merge_operator: StringAppendOperator
2020/11/17-16:50:07.945233 10d46e000        Options.compaction_filter: None
2020/11/17-16:50:07.945234 10d46e000        Options.compaction_filter_factory: None
2020/11/17-16:50:07.945235 10d46e000         Options.memtable_factory: SkipListFactory
2020/11/17-16:50:07.945237 10d46e000            Options.table_factory: BlockBasedTable
2020/11/17-16:50:07.945251 10d46e000            table_factory options:   flush_block_policy_factory: FlushBlockBySizePolicyFactory (0x7fb138145540)
  cache_index_and_filter_blocks: 0
  cache_index_and_filter_blocks_with_high_priority: 1
  pin_l0_filter_and_index_blocks_in_cache: 1
  pin_top_level_index_and_filter: 1
  index_type: 2
  hash_index_allow_collision: 1
  checksum: 1
  no_block_cache: 0
  block_cache: 0x7fb13813d2b8
  block_cache_name: LRUCache
  block_cache_options:
    capacity : 536870912
    num_shard_bits : 8
    strict_capacity_limit : 0
    memory_allocator : None
    high_pri_pool_ratio: 0.000
  block_cache_compressed: 0x0
  persistent_cache: 0x0
  block_size: 4096
  block_size_deviation: 10
  block_restart_interval: 16
  index_block_restart_interval: 1
  metadata_block_size: 8192
  partition_filters: 1
  use_delta_encoding: 1
  filter_policy: nullptr
  whole_key_filtering: 1
  verify_compression: 0
  read_amp_bytes_per_bit: 0
  format_version: 0
  enable_index_compression: 1
  block_align: 0
2020/11/17-16:50:07.945318 10d46e000        Options.write_buffer_size: 134217728
2020/11/17-16:50:07.945322 10d46e000  Options.max_write_buffer_number: 6
2020/11/17-16:50:07.945324 10d46e000        Options.compression[0]: NoCompression
2020/11/17-16:50:07.945325 10d46e000        Options.compression[1]: NoCompression
2020/11/17-16:50:07.945326 10d46e000        Options.compression[2]: Snappy
2020/11/17-16:50:07.945327 10d46e000        Options.compression[3]: Snappy
2020/11/17-16:50:07.945328 10d46e000        Options.compression[4]: Snappy
2020/11/17-16:50:07.945329 10d46e000        Options.compression[5]: Snappy
2020/11/17-16:50:07.945330 10d46e000        Options.compression[6]: Snappy
2020/11/17-16:50:07.945331 10d46e000                  Options.bottommost_compression: Disabled
2020/11/17-16:50:07.945333 10d46e000       Options.prefix_extractor: rocksdb.FixedPrefix.8
2020/11/17-16:50:07.945334 10d46e000   Options.memtable_insert_with_hint_prefix_extractor: nullptr
2020/11/17-16:50:07.945335 10d46e000             Options.num_levels: 7
2020/11/17-16:50:07.945336 10d46e000        Options.min_write_buffer_number_to_merge: 2
2020/11/17-16:50:07.945337 10d46e000     Options.max_write_buffer_number_to_maintain: 0
2020/11/17-16:50:07.945338 10d46e000            Options.bottommost_compression_opts.window_bits: -14
2020/11/17-16:50:07.945339 10d46e000                  Options.bottommost_compression_opts.level: 32767
2020/11/17-16:50:07.945340 10d46e000               Options.bottommost_compression_opts.strategy: 0
2020/11/17-16:50:07.945341 10d46e000         Options.bottommost_compression_opts.max_dict_bytes: 0
2020/11/17-16:50:07.945341 10d46e000         Options.bottommost_compression_opts.zstd_max_train_bytes: 0
2020/11/17-16:50:07.945342 10d46e000                  Options.bottommost_compression_opts.enabled: false
2020/11/17-16:50:07.945344 10d46e000            Options.compression_opts.window_bits: -14
2020/11/17-16:50:07.945345 10d46e000                  Options.compression_opts.level: 32767
2020/11/17-16:50:07.945346 10d46e000               Options.compression_opts.strategy: 0
2020/11/17-16:50:07.945347 10d46e000         Options.compression_opts.max_dict_bytes: 0
2020/11/17-16:50:07.945347 10d46e000         Options.compression_opts.zstd_max_train_bytes: 0
2020/11/17-16:50:07.945348 10d46e000                  Options.compression_opts.enabled: false
2020/11/17-16:50:07.945349 10d46e000      Options.level0_file_num_compaction_trigger: 2
2020/11/17-16:50:07.945350 10d46e000          Options.level0_slowdown_writes_trigger: 20
2020/11/17-16:50:07.945351 10d46e000              Options.level0_stop_writes_trigger: 40
2020/11/17-16:50:07.945352 10d46e000                   Options.target_file_size_base: 67108864
2020/11/17-16:50:07.945353 10d46e000             Options.target_file_size_multiplier: 1
2020/11/17-16:50:07.945354 10d46e000                Options.max_bytes_for_level_base: 536870912
2020/11/17-16:50:07.945355 10d46e000 Options.level_compaction_dynamic_level_bytes: 0
2020/11/17-16:50:07.945356 10d46e000          Options.max_bytes_for_level_multiplier: 10.000000
2020/11/17-16:50:07.945358 10d46e000 Options.max_bytes_for_level_multiplier_addtl[0]: 1
2020/11/17-16:50:07.945359 10d46e000 Options.max_bytes_for_level_multiplier_addtl[1]: 1
2020/11/17-16:50:07.945474 10d46e000 Options.max_bytes_for_level_multiplier_addtl[2]: 1
2020/11/17-16:50:07.945501 10d46e000 Options.max_bytes_for_level_multiplier_addtl[3]: 1
2020/11/17-16:50:07.945505 10d46e000 Options.max_bytes_for_level_multiplier_addtl[4]: 1
2020/11/17-16:50:07.945506 10d46e000 Options.max_bytes_for_level_multiplier_addtl[5]: 1
2020/11/17-16:50:07.945507 10d46e000 Options.max_bytes_for_level_multiplier_addtl[6]: 1
2020/11/17-16:50:07.945508 10d46e000       Options.max_sequential_skip_in_iterations: 8
2020/11/17-16:50:07.945509 10d46e000                    Options.max_compaction_bytes: 1677721600
2020/11/17-16:50:07.945510 10d46e000                        Options.arena_block_size: 16777216
2020/11/17-16:50:07.945511 10d46e000   Options.soft_pending_compaction_bytes_limit: 68719476736
2020/11/17-16:50:07.945512 10d46e000   Options.hard_pending_compaction_bytes_limit: 274877906944
2020/11/17-16:50:07.945513 10d46e000       Options.rate_limit_delay_max_milliseconds: 100
2020/11/17-16:50:07.945514 10d46e000                Options.disable_auto_compactions: 0
2020/11/17-16:50:07.945516 10d46e000                        Options.compaction_style: kCompactionStyleLevel
2020/11/17-16:50:07.945518 10d46e000                          Options.compaction_pri: kByCompensatedSize
2020/11/17-16:50:07.945519 10d46e000 Options.compaction_options_universal.size_ratio: 1
2020/11/17-16:50:07.945520 10d46e000 Options.compaction_options_universal.min_merge_width: 2
2020/11/17-16:50:07.945521 10d46e000 Options.compaction_options_universal.max_merge_width: 4294967295
2020/11/17-16:50:07.945522 10d46e000 Options.compaction_options_universal.max_size_amplification_percent: 200
2020/11/17-16:50:07.945523 10d46e000 Options.compaction_options_universal.compression_size_percent: -1
2020/11/17-16:50:07.945525 10d46e000 Options.compaction_options_universal.stop_style: kCompactionStopStyleTotalSize
2020/11/17-16:50:07.945526 10d46e000 Options.compaction_options_fifo.max_table_files_size: 1073741824
2020/11/17-16:50:07.945527 10d46e000 Options.compaction_options_fifo.allow_compaction: 0
2020/11/17-16:50:07.945528 10d46e000 Options.compaction_options_fifo.ttl: 0
2020/11/17-16:50:07.945529 10d46e000                   Options.table_properties_collectors: 
2020/11/17-16:50:07.945530 10d46e000                   Options.inplace_update_support: 0
2020/11/17-16:50:07.945531 10d46e000                 Options.inplace_update_num_locks: 10000
2020/11/17-16:50:07.945532 10d46e000               Options.memtable_prefix_bloom_size_ratio: 0.125000
2020/11/17-16:50:07.945533 10d46e000   Options.memtable_huge_page_size: 0
2020/11/17-16:50:07.945534 10d46e000                           Options.bloom_locality: 0
2020/11/17-16:50:07.945535 10d46e000                    Options.max_successive_merges: 0
2020/11/17-16:50:07.945536 10d46e000                Options.optimize_filters_for_hits: 0
2020/11/17-16:50:07.945537 10d46e000                Options.paranoid_file_checks: 0
2020/11/17-16:50:07.945538 10d46e000                Options.force_consistency_checks: 1
2020/11/17-16:50:07.945539 10d46e000                Options.report_bg_io_stats: 0
2020/11/17-16:50:07.945540 10d46e000                               Options.ttl: 0
2020/11/17-16:50:07.977618 10d46e000 [/version_set.cc:3724] Recovered from manifest file:/Users/xmly/practice/code/vince-practice/spring-cloud-practice/nacos/nacos/data/protocol/raft/naming_persistent_service/log/MANIFEST-000004 succeeded,manifest_file_number is 4, next_file_number is 6, last_sequence is 0, log_number is 0,prev_log_number is 0,max_column_family is 1,min_log_number_to_keep is 0
2020/11/17-16:50:07.977657 10d46e000 [/version_set.cc:3732] Column family [default] (ID 0), log number is 0
2020/11/17-16:50:07.977660 10d46e000 [/version_set.cc:3732] Column family [Configuration] (ID 1), log number is 3
2020/11/17-16:50:07.978156 10d46e000 EVENT_LOG_v1 {"time_micros": 1605603007978134, "job": 1, "event": "recovery_started", "log_files": [3]}
2020/11/17-16:50:07.978176 10d46e000 [/db_impl_open.cc:578] Recovering log #3 mode 2
2020/11/17-16:50:07.979720 10d46e000 EVENT_LOG_v1 {"time_micros": 1605603007979706, "cf_name": "default", "job": 1, "event": "table_file_creation", "file_number": 6, "file_size": 803, "table_properties": {"data_size": 67, "index_size": 49, "filter_size": 0, "raw_key_size": 16, "raw_average_key_size": 16, "raw_value_size": 35, "raw_average_value_size": 35, "num_data_blocks": 1, "num_entries": 1, "filter_policy_name": ""}}
2020/11/17-16:50:07.987910 10d46e000 [/version_set.cc:3037] Creating manifest 7
2020/11/17-16:50:07.998450 10d46e000 EVENT_LOG_v1 {"time_micros": 1605603007998435, "cf_name": "Configuration", "job": 1, "event": "table_file_creation", "file_number": 8, "file_size": 809, "table_properties": {"data_size": 67, "index_size": 49, "filter_size": 0, "raw_key_size": 16, "raw_average_key_size": 16, "raw_value_size": 35, "raw_average_value_size": 35, "num_data_blocks": 1, "num_entries": 1, "filter_policy_name": ""}}
2020/11/17-16:50:08.008814 10d46e000 EVENT_LOG_v1 {"time_micros": 1605603008008806, "job": 1, "event": "recovery_finished"}
2020/11/17-16:50:08.024061 10d46e000 [/db_impl_open.cc:1314] DB pointer 0x7fb135d02800
2020/11/17-16:50:08.032334 7000091ca000 [WARN] [/db_impl.cc:669] ------- DUMPING STATS -------
2020/11/17-16:50:08.032345 7000091ca000 [WARN] [/db_impl.cc:670] 
** DB Stats **
Uptime(secs): 0.1 total, 0.1 interval
Cumulative writes: 0 writes, 0 keys, 0 commit groups, 0.0 writes per commit group, ingest: 0.00 GB, 0.00 MB/s
Cumulative WAL: 0 writes, 0 syncs, 0.00 writes per sync, written: 0.00 GB, 0.00 MB/s
Cumulative stall: 00:00:0.000 H:M:S, 0.0 percent
Interval writes: 0 writes, 0 keys, 0 commit groups, 0.0 writes per commit group, ingest: 0.00 MB, 0.00 MB/s
Interval WAL: 0 writes, 0 syncs, 0.00 writes per sync, written: 0.00 MB, 0.00 MB/s
Interval stall: 00:00:0.000 H:M:S, 0.0 percent

** Compaction Stats [default] **
Level    Files   Size     Score Read(GB)  Rn(GB) Rnp1(GB) Write(GB) Wnew(GB) Moved(GB) W-Amp Rd(MB/s) Wr(MB/s) Comp(sec) Comp(cnt) Avg(sec) KeyIn KeyDrop
----------------------------------------------------------------------------------------------------------------------------------------------------------
  L0      1/0    0.78 KB   0.5      0.0     0.0      0.0       0.0      0.0       0.0   1.0      0.0      0.5         0         1    0.001       0      0
 Sum      1/0    0.78 KB   0.0      0.0     0.0      0.0       0.0      0.0       0.0   1.0      0.0      0.5         0         1    0.001       0      0
 Int      0/0    0.00 KB   0.0      0.0     0.0      0.0       0.0      0.0       0.0   1.0      0.0      0.5         0         1    0.001       0      0
Uptime(secs): 0.1 total, 0.1 interval
Flush(GB): cumulative 0.000, interval 0.000
AddFile(GB): cumulative 0.000, interval 0.000
AddFile(Total Files): cumulative 0, interval 0
AddFile(L0 Files): cumulative 0, interval 0
AddFile(Keys): cumulative 0, interval 0
Cumulative compaction: 0.00 GB write, 0.01 MB/s write, 0.00 GB read, 0.00 MB/s read, 0.0 seconds
Interval compaction: 0.00 GB write, 0.01 MB/s write, 0.00 GB read, 0.00 MB/s read, 0.0 seconds
Stalls(count): 0 level0_slowdown, 0 level0_slowdown_with_compaction, 0 level0_numfiles, 0 level0_numfiles_with_compaction, 0 stop for pending_compaction_bytes, 0 slowdown for pending_compaction_bytes, 0 memtable_compaction, 0 memtable_slowdown, interval 0 total count

** File Read Latency Histogram By Level [default] **
** Level 0 read latency histogram (micros):
Count: 5 Average: 6.4000  StdDev: 7.34
Min: 2  Median: 2.5000  Max: 21
Percentiles: P50: 2.50 P75: 3.75 P99: 21.00 P99.9: 21.00 P99.99: 21.00
------------------------------------------------------
(       1,       2 ]        2  40.000%  40.000% ########
(       2,       3 ]        1  20.000%  60.000% ####
(       3,       4 ]        1  20.000%  80.000% ####
(      15,      22 ]        1  20.000% 100.000% ####


** Compaction Stats [Configuration] **
Level    Files   Size     Score Read(GB)  Rn(GB) Rnp1(GB) Write(GB) Wnew(GB) Moved(GB) W-Amp Rd(MB/s) Wr(MB/s) Comp(sec) Comp(cnt) Avg(sec) KeyIn KeyDrop
----------------------------------------------------------------------------------------------------------------------------------------------------------
  L0      1/0    0.79 KB   0.5      0.0     0.0      0.0       0.0      0.0       0.0   1.0      0.0      0.1         0         1    0.009       0      0
 Sum      1/0    0.79 KB   0.0      0.0     0.0      0.0       0.0      0.0       0.0   1.0      0.0      0.1         0         1    0.009       0      0
 Int      0/0    0.00 KB   0.0      0.0     0.0      0.0       0.0      0.0       0.0   1.0      0.0      0.1         0         1    0.009       0      0
Uptime(secs): 0.1 total, 0.1 interval
Flush(GB): cumulative 0.000, interval 0.000
AddFile(GB): cumulative 0.000, interval 0.000
AddFile(Total Files): cumulative 0, interval 0
AddFile(L0 Files): cumulative 0, interval 0
AddFile(Keys): cumulative 0, interval 0
Cumulative compaction: 0.00 GB write, 0.01 MB/s write, 0.00 GB read, 0.00 MB/s read, 0.0 seconds
Interval compaction: 0.00 GB write, 0.01 MB/s write, 0.00 GB read, 0.00 MB/s read, 0.0 seconds
Stalls(count): 0 level0_slowdown, 0 level0_slowdown_with_compaction, 0 level0_numfiles, 0 level0_numfiles_with_compaction, 0 stop for pending_compaction_bytes, 0 slowdown for pending_compaction_bytes, 0 memtable_compaction, 0 memtable_slowdown, interval 0 total count

** File Read Latency Histogram By Level [Configuration] **
** Level 0 read latency histogram (micros):
Count: 6 Average: 36.0000  StdDev: 66.23
Min: 3  Median: 7.3333  Max: 184
Percentiles: P50: 7.33 P75: 9.33 P99: 184.00 P99.9: 184.00 P99.99: 184.00
------------------------------------------------------
(       2,       3 ]        1  16.667%  16.667% ###
(       3,       4 ]        1  16.667%  33.333% ###
(       6,      10 ]        3  50.000%  83.333% ##########
(     170,     250 ]        1  16.667% 100.000% ###


** Compaction Stats [default] **
Level    Files   Size     Score Read(GB)  Rn(GB) Rnp1(GB) Write(GB) Wnew(GB) Moved(GB) W-Amp Rd(MB/s) Wr(MB/s) Comp(sec) Comp(cnt) Avg(sec) KeyIn KeyDrop
----------------------------------------------------------------------------------------------------------------------------------------------------------
  L0      1/0    0.78 KB   0.5      0.0     0.0      0.0       0.0      0.0       0.0   1.0      0.0      0.5         0         1    0.001       0      0
 Sum      1/0    0.78 KB   0.0      0.0     0.0      0.0       0.0      0.0       0.0   1.0      0.0      0.5         0         1    0.001       0      0
 Int      0/0    0.00 KB   0.0      0.0     0.0      0.0       0.0      0.0       0.0   0.0      0.0      0.0         0         0    0.000       0      0
Uptime(secs): 0.1 total, 0.0 interval
Flush(GB): cumulative 0.000, interval 0.000
AddFile(GB): cumulative 0.000, interval 0.000
AddFile(Total Files): cumulative 0, interval 0
AddFile(L0 Files): cumulative 0, interval 0
AddFile(Keys): cumulative 0, interval 0
Cumulative compaction: 0.00 GB write, 0.01 MB/s write, 0.00 GB read, 0.00 MB/s read, 0.0 seconds
Interval compaction: 0.00 GB write, 0.00 MB/s write, 0.00 GB read, 0.00 MB/s read, 0.0 seconds
Stalls(count): 0 level0_slowdown, 0 level0_slowdown_with_compaction, 0 level0_numfiles, 0 level0_numfiles_with_compaction, 0 stop for pending_compaction_bytes, 0 slowdown for pending_compaction_bytes, 0 memtable_compaction, 0 memtable_slowdown, interval 0 total count

** File Read Latency Histogram By Level [default] **
** Level 0 read latency histogram (micros):
Count: 5 Average: 6.4000  StdDev: 7.34
Min: 2  Median: 2.5000  Max: 21
Percentiles: P50: 2.50 P75: 3.75 P99: 21.00 P99.9: 21.00 P99.99: 21.00
------------------------------------------------------
(       1,       2 ]        2  40.000%  40.000% ########
(       2,       3 ]        1  20.000%  60.000% ####
(       3,       4 ]        1  20.000%  80.000% ####
(      15,      22 ]        1  20.000% 100.000% ####


** Compaction Stats [Configuration] **
Level    Files   Size     Score Read(GB)  Rn(GB) Rnp1(GB) Write(GB) Wnew(GB) Moved(GB) W-Amp Rd(MB/s) Wr(MB/s) Comp(sec) Comp(cnt) Avg(sec) KeyIn KeyDrop
----------------------------------------------------------------------------------------------------------------------------------------------------------
  L0      1/0    0.79 KB   0.5      0.0     0.0      0.0       0.0      0.0       0.0   1.0      0.0      0.1         0         1    0.009       0      0
 Sum      1/0    0.79 KB   0.0      0.0     0.0      0.0       0.0      0.0       0.0   1.0      0.0      0.1         0         1    0.009       0      0
 Int      0/0    0.00 KB   0.0      0.0     0.0      0.0       0.0      0.0       0.0   0.0      0.0      0.0         0         0    0.000       0      0
Uptime(secs): 0.1 total, 0.0 interval
Flush(GB): cumulative 0.000, interval 0.000
AddFile(GB): cumulative 0.000, interval 0.000
AddFile(Total Files): cumulative 0, interval 0
AddFile(L0 Files): cumulative 0, interval 0
AddFile(Keys): cumulative 0, interval 0
Cumulative compaction: 0.00 GB write, 0.01 MB/s write, 0.00 GB read, 0.00 MB/s read, 0.0 seconds
Interval compaction: 0.00 GB write, 0.00 MB/s write, 0.00 GB read, 0.00 MB/s read, 0.0 seconds
Stalls(count): 0 level0_slowdown, 0 level0_slowdown_with_compaction, 0 level0_numfiles, 0 level0_numfiles_with_compaction, 0 stop for pending_compaction_bytes, 0 slowdown for pending_compaction_bytes, 0 memtable_compaction, 0 memtable_slowdown, interval 0 total count

** File Read Latency Histogram By Level [Configuration] **
** Level 0 read latency histogram (micros):
Count: 6 Average: 36.0000  StdDev: 66.23
Min: 3  Median: 7.3333  Max: 184
Percentiles: P50: 7.33 P75: 9.33 P99: 184.00 P99.9: 184.00 P99.99: 184.00
------------------------------------------------------
(       2,       3 ]        1  16.667%  16.667% ###
(       3,       4 ]        1  16.667%  33.333% ###
(       6,      10 ]        3  50.000%  83.333% ##########
(     170,     250 ]        1  16.667% 100.000% ###

2020/11/17-16:50:08.037017 7000091ca000 [WARN] [/db_impl.cc:617] STATISTICS:
 rocksdb.block.cache.miss COUNT : 3
rocksdb.block.cache.hit COUNT : 1
rocksdb.block.cache.add COUNT : 3
rocksdb.block.cache.add.failures COUNT : 0
rocksdb.block.cache.index.miss COUNT : 2
rocksdb.block.cache.index.hit COUNT : 1
rocksdb.block.cache.index.add COUNT : 2
rocksdb.block.cache.index.bytes.insert COUNT : 204
rocksdb.block.cache.index.bytes.evict COUNT : 0
rocksdb.block.cache.filter.miss COUNT : 0
rocksdb.block.cache.filter.hit COUNT : 0
rocksdb.block.cache.filter.add COUNT : 0
rocksdb.block.cache.filter.bytes.insert COUNT : 0
rocksdb.block.cache.filter.bytes.evict COUNT : 0
rocksdb.block.cache.data.miss COUNT : 1
rocksdb.block.cache.data.hit COUNT : 0
rocksdb.block.cache.data.add COUNT : 1
rocksdb.block.cache.data.bytes.insert COUNT : 142
rocksdb.block.cache.bytes.read COUNT : 102
rocksdb.block.cache.bytes.write COUNT : 346
rocksdb.bloom.filter.useful COUNT : 0
rocksdb.bloom.filter.full.positive COUNT : 0
rocksdb.bloom.filter.full.true.positive COUNT : 0
rocksdb.persistent.cache.hit COUNT : 0
rocksdb.persistent.cache.miss COUNT : 0
rocksdb.sim.block.cache.hit COUNT : 0
rocksdb.sim.block.cache.miss COUNT : 0
rocksdb.memtable.hit COUNT : 0
rocksdb.memtable.miss COUNT : 0
rocksdb.l0.hit COUNT : 0
rocksdb.l1.hit COUNT : 0
rocksdb.l2andup.hit COUNT : 0
rocksdb.compaction.key.drop.new COUNT : 0
rocksdb.compaction.key.drop.obsolete COUNT : 0
rocksdb.compaction.key.drop.range_del COUNT : 0
rocksdb.compaction.key.drop.user COUNT : 0
rocksdb.compaction.range_del.drop.obsolete COUNT : 0
rocksdb.compaction.optimized.del.drop.obsolete COUNT : 0
rocksdb.compaction.cancelled COUNT : 0
rocksdb.number.keys.written COUNT : 0
rocksdb.number.keys.read COUNT : 0
rocksdb.number.keys.updated COUNT : 0
rocksdb.bytes.written COUNT : 0
rocksdb.bytes.read COUNT : 0
rocksdb.number.db.seek COUNT : 1
rocksdb.number.db.next COUNT : 0
rocksdb.number.db.prev COUNT : 0
rocksdb.number.db.seek.found COUNT : 1
rocksdb.number.db.next.found COUNT : 0
rocksdb.number.db.prev.found COUNT : 0
rocksdb.db.iter.bytes.read COUNT : 43
rocksdb.no.file.closes COUNT : 0
rocksdb.no.file.opens COUNT : 2
rocksdb.no.file.errors COUNT : 0
rocksdb.l0.slowdown.micros COUNT : 0
rocksdb.memtable.compaction.micros COUNT : 0
rocksdb.l0.num.files.stall.micros COUNT : 0
rocksdb.stall.micros COUNT : 0
rocksdb.db.mutex.wait.micros COUNT : 0
rocksdb.rate.limit.delay.millis COUNT : 0
rocksdb.num.iterators COUNT : 0
rocksdb.number.multiget.get COUNT : 0
rocksdb.number.multiget.keys.read COUNT : 0
rocksdb.number.multiget.bytes.read COUNT : 0
rocksdb.number.deletes.filtered COUNT : 0
rocksdb.number.merge.failures COUNT : 0
rocksdb.bloom.filter.prefix.checked COUNT : 0
rocksdb.bloom.filter.prefix.useful COUNT : 0
rocksdb.number.reseeks.iteration COUNT : 0
rocksdb.getupdatessince.calls COUNT : 0
rocksdb.block.cachecompressed.miss COUNT : 0
rocksdb.block.cachecompressed.hit COUNT : 0
rocksdb.block.cachecompressed.add COUNT : 0
rocksdb.block.cachecompressed.add.failures COUNT : 0
rocksdb.wal.synced COUNT : 0
rocksdb.wal.bytes COUNT : 0
rocksdb.write.self COUNT : 0
rocksdb.write.other COUNT : 0
rocksdb.write.timeout COUNT : 0
rocksdb.write.wal COUNT : 0
rocksdb.compact.read.bytes COUNT : 0
rocksdb.compact.write.bytes COUNT : 1612
rocksdb.flush.write.bytes COUNT : 0
rocksdb.number.direct.load.table.properties COUNT : 0
rocksdb.number.superversion_acquires COUNT : 1
rocksdb.number.superversion_releases COUNT : 0
rocksdb.number.superversion_cleanups COUNT : 0
rocksdb.number.block.compressed COUNT : 0
rocksdb.number.block.decompressed COUNT : 0
rocksdb.number.block.not_compressed COUNT : 0
rocksdb.merge.operation.time.nanos COUNT : 0
rocksdb.filter.operation.time.nanos COUNT : 0
rocksdb.row.cache.hit COUNT : 0
rocksdb.row.cache.miss COUNT : 0
rocksdb.read.amp.estimate.useful.bytes COUNT : 0
rocksdb.read.amp.total.read.bytes COUNT : 0
rocksdb.number.rate_limiter.drains COUNT : 0
rocksdb.number.iter.skip COUNT : 0
rocksdb.blobdb.num.put COUNT : 0
rocksdb.blobdb.num.write COUNT : 0
rocksdb.blobdb.num.get COUNT : 0
rocksdb.blobdb.num.multiget COUNT : 0
rocksdb.blobdb.num.seek COUNT : 0
rocksdb.blobdb.num.next COUNT : 0
rocksdb.blobdb.num.prev COUNT : 0
rocksdb.blobdb.num.keys.written COUNT : 0
rocksdb.blobdb.num.keys.read COUNT : 0
rocksdb.blobdb.bytes.written COUNT : 0
rocksdb.blobdb.bytes.read COUNT : 0
rocksdb.blobdb.write.inlined COUNT : 0
rocksdb.blobdb.write.inlined.ttl COUNT : 0
rocksdb.blobdb.write.blob COUNT : 0
rocksdb.blobdb.write.blob.ttl COUNT : 0
rocksdb.blobdb.blob.file.bytes.written COUNT : 0
rocksdb.blobdb.blob.file.bytes.read COUNT : 0
rocksdb.blobdb.blob.file.synced COUNT : 0
rocksdb.blobdb.blob.index.expired.count COUNT : 0
rocksdb.blobdb.blob.index.expired.size COUNT : 0
rocksdb.blobdb.blob.index.evicted.count COUNT : 0
rocksdb.blobdb.blob.index.evicted.size COUNT : 0
rocksdb.blobdb.gc.num.files COUNT : 0
rocksdb.blobdb.gc.num.new.files COUNT : 0
rocksdb.blobdb.gc.failures COUNT : 0
rocksdb.blobdb.gc.num.keys.overwritten COUNT : 0
rocksdb.blobdb.gc.num.keys.expired COUNT : 0
rocksdb.blobdb.gc.num.keys.relocated COUNT : 0
rocksdb.blobdb.gc.bytes.overwritten COUNT : 0
rocksdb.blobdb.gc.bytes.expired COUNT : 0
rocksdb.blobdb.gc.bytes.relocated COUNT : 0
rocksdb.blobdb.fifo.num.files.evicted COUNT : 0
